tot : 1.27970493734
bkg : 1.02453402815
VV : 1.02453396632
VBF : 0.268624425392
ggH : 1.46939729389
DY : 1.02453398725
