tot : 1.09940778609
bkg : 1.05102161283
VV : 1.05102159969
VBF : 1.35278857752
ggH : 1.12284581251
DY : 1.051021603
