tot : 1.05157320661
bkg : 1.05157320661
VV : 1.05157320661
