tot : 1.27847926455
bkg : 0.997570167904
VV : 0.997570112045
VBF : 0.333958941763
ggH : 1.47476472261
DY : 0.997570119854
