tot : 1.06265617163
bkg : 1.06265617163
VV : 1.06265617163
