tot : 1.09469883882
bkg : 0.922102313148
VV : 0.922102315664
VBF : 1.5280656981
ggH : 1.22417518265
DY : 0.922102315269
