tot : 1.44873048282
bkg : 1.07038833056
VV : 1.07038833056
VBF : 2.62092618499
ggH : 1.49925842289
