tot : 1.09559889928
bkg : 0.920556383694
VV : 0.920556380646
VBF : 4.58496183183e-14
ggH : 1.37658884712
DY : 0.920556395393
