tot : 1.05102160544
bkg : 1.05102160544
VV : 1.05102160544
