tot : 1.08385010976
bkg : 1.08385010976
VV : 1.08385010976
