tot : 1.0703883396
bkg : 1.0703883396
VV : 1.0703883396
