tot : 0.991282664788
bkg : 1.08385010191
VV : 1.08385012047
VBF : 0.703970221777
ggH : 0.894573677156
DY : 1.08385008918
