tot : 1.44883948431
bkg : 1.00751978032
VV : 1.00751978032
VBF : 2.63359712041
ggH : 1.52557817993
