tot : 1.26825912281
bkg : 0.96876118893
VV : 0.968761209814
VBF : 4.68319511329
ggH : 1.16083043974
DY : 0.968761193872
