tot : 0.984543186552
bkg : 1.01106541557
VV : 1.01106539584
VBF : 0.725434905916
ggH : 0.963729687037
DY : 1.0110653694
