tot : 1.02453396607
bkg : 1.02453396607
VV : 1.02453396607
