tot : 1.10197191802
bkg : 1.05157321879
VV : 1.05157320808
VBF : 1.2354718325
ggH : 1.23547170858
DY : 1.05157320805
