tot : 1.00225240447
bkg : 0.940300357699
VV : 0.940300355715
VBF : 2.4418723062
ggH : 0.934096640841
DY : 0.940300364361
