tot : 1.01348110784
bkg : 1.01348110784
VV : 1.01348110784
