tot : 1.2702464961
bkg : 1.01348110096
VV : 1.01348110064
VBF : 4.69908398375
ggH : 1.12928927835
DY : 1.01348109741
