tot : 1.00848957025
bkg : 1.06265615293
VV : 1.06265616839
VBF : 2.53307866117
ggH : 0.79667091428
DY : 1.06265616886
